1.000000000000000000e+00
1.274274985703133689e+00
1.623776739188721674e+00
2.069138081114789696e+00
2.636650898730358072e+00
3.359818286283781763e+00
4.281332398719393417e+00
5.455594781168518814e+00
6.951927961775605347e+00
8.858667904100824941e+00
1.128837891684688977e+01
1.438449888287662937e+01
1.832980710832435634e+01
2.335721469090121261e+01
2.976351441631317840e+01
3.792690190732249533e+01
4.832930238571751858e+01
6.158482110660260389e+01
7.847599703514610781e+01
1.000000000000000000e+02
